[(1,
  [(0.90142673779444, 3, [0.75190494977259004, 52.67809970832986]),
   (0.8930462391045597, 6, [0.77641802188284181, 0.30062167702055964])]),
 (2,
  [(0.5481293046487008, 4, [0.88961974424487267, 33.773136154243048]),
   (0.5425178567338126, 13, [0.8940416142379668, -211.7274803294728]),
   (0.5346393035633833, 5, [0.89697772304817924, 31.721332350205774]),
   (0.48656033145669236, 16, [0.77348614972659779, -199.24541872901642])]),
 (3,
  [(0.9126545966026145, 6, [0.99762377317006434, -77.507628161718728]),
   (0.90142673779444, 1, [1.1220993049677688, -104.17730263576196]),
   (0.8560089162534658, 10, [0.99073154675104291, -82.73468291609133])]),
 (4, [(0.8519263494431825, 5, [0.94255887960145279, -42.516656982582184])]),
 (5,
  [(0.8623311012300217, 6, [1.0281920872582455, -175.80323211738303]),
   (0.8519263494431825, 4, [1.010477900539273, 23.4517028199805]),
   (0.8419826014884239, 3, [0.93461471422470199, -123.42799238316947]),
   (0.8286410687005241, 1, [1.0839959111326731, -222.37664764004938])]),
 (6,
  [(0.9126545966026145, 3, [0.88881846682195442, 44.848627266081721]),
   (0.9026157040749917, 10, [0.96648256381132014, -11.067487338372107]),
   (0.8930462391045597, 1, [1.0544281447368469, -38.821738641435516]),
   (0.8623311012300217, 5, [0.93173047991100832, 154.30138499451706])]),
 (7,
  [(0.8678146348963454, 9, [0.97642727261568329, -58.576819771152699]),
   (0.8088098680618553, 6, [0.95035853911661383, -9.3961773005736351])]),
 (8, [(0.8419259362311418, 11, [0.81036176860769482, -22.0495662504057])]),
 (9, [(0.8678146348963454, 7, [0.87052034057276306, 29.608631010297])]),
 (10,
  [(0.9026157040749917, 6, [0.8712631637837448, -23.548205326629109]),
   (0.8922995889739326, 15, [1.0082021187275532, -41.285051002410626]),
   (0.8761166713651712, 19, [1.0684895261485963, -85.560384241558566]),
   (0.8560089162534658, 3, [0.79513584636306167, 21.263613365047092])]),
 (11, [(0.8419259362311418, 8, [1.0676318959259197, 6.3664050331669193])]),
 (12, [(0.6255178526139457, 4, [0.85303748848648253, 202.27302308361877])]),
 (13,
  [(0.5810355884185385, 16, [0.92851977372366712, 39.675500113971253]),
   (0.5425178567338126, 2, [0.77236732219935267, 127.73281933429605])]),
 (14,
  [(0.8592392619974465, 15, [0.98493853292723377, 4.3406930981213767]),
   (0.842230563487446, 19, [1.0120662377829148, -44.328461340596817]),
   (0.8186148166562504, 10, [0.8760076157367227, 17.900288167005911])]),
 (15,
  [(0.9195355489100454, 19, [1.0520452196926646, -45.955477034604826]),
   (0.8922995889739326, 10, [0.88516400798908035, 18.203146062794421]),
   (0.8657653922128594, 17, [0.93481137455164509, -67.835129909842991]),
   (0.8592392619974465, 14, [0.98630968393784957, -9.0265591330528725])]),
 (16, [(0.5810355884185385, 13, [0.7332981217868707, -87.004536075691462])]),
 (17,
  [(0.9224734806334702, 19, [1.0611232227857268, 15.185810001478982]),
   (0.8756117307970023, 20, [0.95573299983940074, -9.9605244059908173]),
   (0.8657653922128594, 15, [0.91112400426275819, 46.215002881416723])]),
 (18,
  [(0.8713149418864101, 19, [1.0368884784776393, -16.763514401598293]),
   (0.8135334348733048, 17, [0.90075041232518971, -32.054867141996901])]),
 (19,
  [(0.9283142758036037, 20, [0.9040170414165144, -22.777790275015956]),
   (0.9224734806334702, 17, [0.8757495274013769, -21.272653137848661]),
   (0.9195355489100454, 15, [0.84107541414892439, 25.262811036849328]),
   (0.8761166713651712, 10, [0.75406797056809249, 41.816690735573047]),
   (0.8713149418864101, 18, [0.94610202218352202, 13.762079925538272])]),
 (20,
  [(0.9283142758036037, 19, [1.05292709777416, 19.259382867871985]),
   (0.8756117307970023, 17, [0.91536307916014237, -3.3120256192007735])])]