[(1,
  [(1.0000000000000002, 1, [0.99999999999999978, 2.6254850544756922e-14]),
   (0.90142673779444, 3, [0.75190494977259004, 52.67809970832986]),
   (0.8930462391045597, 6, [0.77641802188284181, 0.30062167702055964]),
   (0.8286410687005241, 5, [0.75552726282544325, 137.18152900760921]),
   (0.7876223371642532, 10, [0.73321412708513889, -11.690810789699874]),
   (0.7831187832761317, 9, [0.84175180300513042, -27.900670544223136]),
   (0.7596569808385306, 15, [0.75183379902180503, -38.936523847497305]),
   (0.7374027552549586, 4, [0.79746790132422718, 165.49845156479543]),
   (0.710306450666294, 7, [0.71291120672747876, -11.943882752046552]),
   (0.6958421062149394, 14, [0.7497473908287513, -45.187016004925525]),
   (0.6660258670170521, 19, [0.72155446604387774, -81.019203721575408]),
   (0.5978887528869663, 18, [0.70324450397780036, -60.164852849723452]),
   (0.5868197248593428, 20, [0.61900324991795463, -98.344588353770874]),
   (0.5191297887862191, 8, [0.78728200467624099, -28.147224092596812]),
   (0.512677148362004, 17, [0.52721182549921086, -106.40356383522159]),
   (0.4572512025952553, 2, [0.78683829918457049, 69.901410309700964]),
   (0.4524190570350674, 11, [0.657841511895077, -41.969189328900114]),
   (0.4462369708275677, 12, [0.74511040663773831, -41.332698239558859]),
   (0.3117994460621333, 13, [0.78839598347699646, -101.21605700495694]),
   (0.23909447363057462, 16, [0.5766211778911603, -108.67268968858512])]),
 (2,
  [(1.0, 2, [1.0000000000000004, 2.6612075816076542e-14]),
   (0.5481293046487008, 4, [0.88961974424487267, 33.773136154243048]),
   (0.5425178567338126, 13, [0.8940416142379668, -211.7274803294728]),
   (0.5346393035633833, 5, [0.89697772304817924, 31.721332350205774]),
   (0.48656033145669236, 16, [0.77348614972659779, -199.24541872901642]),
   (0.4618204715776443, 3, [0.95583700222543966, -4.4007309778344235]),
   (0.45918257567408555, 6, [0.98254765387362408, -112.31871240960243]),
   (0.4572512025952553, 1, [1.0408644016698121, -135.98176097287126]),
   (0.3728606906904123, 10, [0.99312690374495083, -97.835924655409272]),
   (0.36842747866923736, 14, [0.96007678385817152, -176.25801797149921]),
   (0.3350718578896596, 15, [0.89814310288906207, -180.49026324352275]),
   (0.2886074229905356, 19, [0.93573962686294543, -221.19388916107644]),
   (0.1957572556714174, 20, [0.68601669811863597, -245.06082712024826]),
   (0.1796847071714737, 17, [0.65291288599962216, -277.95055733325688]),
   (0.1333826964457056, 7, [1.0282905147130541, -114.40560533366298]),
   (0.13015273209835784, 18, [1.1747899529833963, -180.33329162618969]),
   (0.05873211846233444, 12, [2.1921009177834958, -11.72032564033637]),
   (0.0396431838346199, 8, [nan, 0.0]),
   (0.03770536952448284, 11, [nan, 0.0]),
   (0.030737555034110464, 9, [nan, 0.0])]),
 (3,
  [(0.9999999999999998, 3, [1.0000000000000002, 0.0]),
   (0.9126545966026145, 6, [0.99762377317006434, -77.507628161718728]),
   (0.90142673779444, 1, [1.1220993049677688, -104.17730263576196]),
   (0.8560089162534658, 10, [0.99073154675104291, -82.73468291609133]),
   (0.8419826014884239, 5, [0.94261462521693629, 80.421442360513808]),
   (0.7826287918062332, 15, [0.95231843854444109, -131.93271022169841]),
   (0.7616237000281179, 7, [0.94731544202699569, -81.051142946524976]),
   (0.7434990740699283, 9, [0.99313997474979543, -117.45617659612387]),
   (0.7361641101297401, 14, [0.96454994758560952, -134.09605046982441]),
   (0.720629281210054, 19, [0.9468112428492409, -179.59934763483818]),
   (0.7200509073331782, 4, [0.95434547509863177, 98.111797372094841]),
   (0.6277010275364637, 20, [0.80041393805848837, -202.00506494097124]),
   (0.6241534589532403, 18, [0.9003405411044203, -152.04942660756404]),
   (0.5824555978969522, 17, [0.72949183254954697, -208.66277392141964]),
   (0.5028174911475424, 8, [0.97372055443811167, -103.07050812549409]),
   (0.4618204715776443, 2, [0.95273321674916511, -28.043951223695807]),
   (0.4330774428193765, 12, [0.91814013038249376, -138.25607479918284]),
   (0.40717538809116716, 11, [0.75305064622609275, -128.4351928926061]),
   (0.29996786789374524, 13, [0.90930858639700685, -238.7341350638734]),
   (0.28435132944288555, 16, [0.82213626558044106, -215.09473777788017])]),
 (4,
  [(1.0000000000000002, 4, [0.99999999999999989, 6.4150810054215825e-14]),
   (0.8519263494431825, 5, [0.94255887960145279, -42.516656982582184]),
   (0.7581515081050967, 6, [1.0116228586243179, -194.36227308901903]),
   (0.7374027552549586, 1, [1.0431086681688868, -244.79449696171528]),
   (0.7200509073331782, 3, [0.87304998546830059, -157.01877259768884]),
   (0.6650410064728888, 10, [1.0522497703047671, -178.94224704572682]),
   (0.6255178526139457, 12, [0.96579807179039445, -269.79399724692007]),
   (0.6131382963913107, 15, [0.95008964302343146, -257.09796285471049]),
   (0.5626501739622969, 9, [1.0256888125589176, -257.69333704571363]),
   (0.5481293046487008, 2, [1.0075142652543558, -78.309502604272296]),
   (0.5385576537362253, 7, [0.99994420596718159, -210.21693566296219]),
   (0.5293380775239833, 19, [0.95376106951064232, -302.6876679532881]),
   (0.4853342256699469, 18, [1.045708628640855, -263.24307207619074]),
   (0.465682889086298, 14, [0.9399049670268006, -257.23377881366622]),
   (0.4618049890835449, 20, [0.75877202451425951, -337.4422607645663]),
   (0.4171185313371565, 17, [0.75982202211948224, -333.96348792904666]),
   (0.3845838824521183, 13, [0.98811303023274144, -289.94822914997775]),
   (0.3330386668307211, 16, [0.83301039093773932, -274.53199259006902]),
   (0.12592779157751677, 8, [1.1275739638223297, -236.07063781993264]),
   (0.029113609834779713, 11, [nan, 0.0])]),
 (5,
  [(1.0, 5, [1.0, 0.0]),
   (0.8623311012300217, 6, [1.0281920872582455, -175.80323211738303]),
   (0.8519263494431825, 4, [1.010477900539273, 23.4517028199805]),
   (0.8419826014884239, 3, [0.93461471422470199, -123.42799238316947]),
   (0.8286410687005241, 1, [1.0839959111326731, -222.37664764004938]),
   (0.7739457891933677, 10, [1.0862281667189104, -159.69155563320308]),
   (0.7706861412570039, 15, [1.0310498809983395, -224.67532109156943]),
   (0.6865204268850448, 7, [1.0021774547579867, -182.39877097601078]),
   (0.6784208178628872, 19, [1.0648150566334071, -269.98609884454459]),
   (0.6690905419791433, 9, [1.0455283523745853, -232.16262746682145]),
   (0.6657781419119734, 14, [1.0345168273659386, -226.86924672723291]),
   (0.5920588488864872, 18, [1.08219090118685, -240.3658227668632]),
   (0.5702044068908801, 20, [0.86157173800929576, -302.05554190895549]),
   (0.566722626735126, 17, [0.86696516550965497, -300.01125132408083]),
   (0.5548790031590739, 12, [1.0161777582587666, -234.48504079148097]),
   (0.5346393035633833, 2, [1.0124067810647166, -71.07780836189832]),
   (0.3919103797677451, 8, [1.0869406429159505, -220.25776124361661]),
   (0.3704937811641692, 13, [1.0274632566973207, -275.48006416740986]),
   (0.34900600450056113, 16, [0.93137846513927591, -247.52215872622429]),
   (0.3008135090869829, 11, [0.92570259070202854, -223.02132082441162])]),
 (6,
  [(1.0, 6, [1.0000000000000002, 0.0]),
   (0.9126545966026145, 3, [0.88881846682195442, 44.848627266081721]),
   (0.9026157040749917, 10, [0.96648256381132014, -11.067487338372107]),
   (0.8930462391045597, 1, [1.0544281447368469, -38.821738641435516]),
   (0.8623311012300217, 5, [0.93173047991100832, 154.30138499451706]),
   (0.8372606171151925, 15, [0.97879122391325657, -49.543229299894953]),
   (0.8088098680618553, 7, [0.98329334831337012, -4.1407508599959693]),
   (0.7948260865311293, 9, [1.0121862363442347, -53.798452807271531]),
   (0.767731338573803, 14, [0.98380651679288444, -51.11215480803957]),
   (0.7628019806855997, 19, [0.96597594280008281, -100.85239394639046]),
   (0.7581515081050967, 4, [0.9430675402687525, 172.62774537791935]),
   (0.7143847481029335, 18, [0.98846142424041405, -77.964094457416408]),
   (0.6654027435507552, 17, [0.79834412478212291, -124.28602115784292]),
   (0.6538684878770598, 20, [0.80689952290008993, -125.27999454440111]),
   (0.5511971581742113, 8, [1.0216738759357467, -34.072399611755593]),
   (0.49110356595787896, 12, [0.94320589450755976, -70.941925703933094]),
   (0.45918257567408555, 2, [0.90885452275199097, 76.273597549729558]),
   (0.4467766111462754, 11, [0.84594846181667749, -45.834483447258336]),
   (0.2997116997392612, 13, [0.87166799204617862, -114.97824769352528]),
   (0.2595615699705946, 16, [0.72001207787127008, -103.32542933269652])]),
 (7,
  [(1.0000000000000002, 7, [0.99999999999999978, -1.4895744745454482e-14]),
   (0.8678146348963454, 9, [0.97642727261568329, -58.576819771152699]),
   (0.8088098680618553, 6, [0.95035853911661383, -9.3961773005736351]),
   (0.7616237000281179, 3, [0.89102418416365747, 40.546131193171298]),
   (0.7533408657358036, 10, [0.92899056002924119, -21.74526595864177]),
   (0.7336988584189903, 15, [0.92841216010876415, -54.414264956985683]),
   (0.710306450666294, 1, [0.99997813825858839, -46.003406772398655]),
   (0.690661257345742, 18, [0.91680875156923314, -85.500808825899071]),
   (0.6867130537136014, 8, [1.0376239664746854, -35.419521252346577]),
   (0.6865204268850448, 5, [0.90296634647557805, 144.02911164054322]),
   (0.6858918221103855, 14, [0.93251838377562157, -54.61510644942976]),
   (0.6772957231283785, 19, [0.92663472575302563, -102.00388189224326]),
   (0.6625788258131862, 17, [0.80502004318113451, -117.52667413098584]),
   (0.6295917480180744, 20, [0.81634906358267645, -122.24196123006212]),
   (0.5958836574741414, 11, [0.86328098871788661, -54.280783877360442]),
   (0.5385576537362253, 4, [0.89022215505273272, 162.42377287328011]),
   (0.4692270563572388, 12, [0.87444161640525564, -80.323972342342003]),
   (0.1333826964457056, 2, [0.80618783066411837, 53.339097663699093]),
   (0.11609884028325972, 16, [0.77503051315591176, -85.113738700407026]),
   (0.06816288985475352, 13, [0.91176549974358312, -80.007233663526677])]),
 (8,
  [(1.0000000000000002, 8, [0.99999999999999967, 4.3556896581374139e-14]),
   (0.8419259362311418, 11, [0.81036176860769482, -22.0495662504057]),
   (0.6867130537136014, 7, [0.88985519681855385, 21.605259754045601]),
   (0.6634505859575097, 9, [1.0253935705012911, -13.884828289171102]),
   (0.5835242944388355, 14, [0.84401468013728742, -19.495668082322339]),
   (0.5511971581742113, 6, [0.92088237077757262, 23.588012266178303]),
   (0.5209915655933273, 15, [0.8768207374810234, -9.9205667725586064]),
   (0.5191297887862191, 1, [1.0903293914585599, 12.380050464394849]),
   (0.5028174911475424, 3, [0.97338987288569179, 93.457519215927348]),
   (0.4833760586330551, 18, [0.79334111188537426, -54.227579305985856]),
   (0.4605713805568676, 19, [0.8424372617077438, -61.923199073328504]),
   (0.4542198454725674, 17, [0.67129455043051456, -78.475556055292245]),
   (0.45420682089944814, 10, [0.91782636700693809, 2.9716432777643309]),
   (0.41514799476971054, 20, [0.7290351341525767, -72.181447982044673]),
   (0.3919103797677451, 5, [0.85158137247483523, 177.1161399792104]),
   (0.12592779157751677, 4, [0.70205596157150207, 140.53239813196384]),
   (0.0396431838346199, 2, [nan, 0.0]),
   (0.029803347385287428, 16, [nan, 0.0]),
   (0.02153072067739106, 13, [nan, 0.0]),
   (0.017426689290489208, 12, [nan, 0.0])]),
 (9,
  [(0.9999999999999998, 9, [1.0000000000000002, 0.0]),
   (0.8678146348963454, 7, [0.87052034057276306, 29.608631010297]),
   (0.7948260865311293, 6, [0.90833104319888158, 37.365511750387618]),
   (0.7831187832761317, 1, [1.117675742084731, 22.810781852992214]),
   (0.7434990740699283, 3, [0.94574059624544393, 102.40899767049524]),
   (0.7127191357320141, 10, [0.89677835106789683, 24.931263604873628]),
   (0.7024855795901503, 18, [0.85719672250501944, -35.152653776585396]),
   (0.697512638919481, 15, [0.88458428020074065, -5.754168633052938]),
   (0.6690905419791433, 5, [0.86579454085866558, 186.44885483931586]),
   (0.6634505859575097, 8, [0.93606615249003733, 8.4762968182990015]),
   (0.6249150407534959, 19, [0.85702344077045634, -53.490936396541656]),
   (0.5968530930383681, 14, [0.84660404333398998, -10.781901376428364]),
   (0.5781600686384246, 17, [0.69334897078791802, -68.214197149526115]),
   (0.5693912060715276, 20, [0.75039254251815202, -73.631642471037694]),
   (0.5677387954432737, 11, [0.76802002290506066, -8.4066410155148734]),
   (0.5626501739622969, 4, [0.89848484749972901, 218.73464935771273]),
   (0.5233572091580184, 12, [0.89123797287463946, -25.387380721202231]),
   (0.030737555034110464, 2, [nan, 0.0]),
   (0.02310818511140827, 16, [nan, 0.0]),
   (0.016693959660410134, 13, [nan, 0.0])]),
 (10,
  [(1.0, 10, [0.99999999999999989, 3.9782106126936304e-14]),
   (0.9026157040749917, 6, [0.8712631637837448, -23.548205326629109]),
   (0.8922995889739326, 15, [1.0082021187275532, -41.285051002410626]),
   (0.8761166713651712, 19, [1.0684895261485963, -85.560384241558566]),
   (0.8560089162534658, 3, [0.79513584636306167, 21.263613365047092]),
   (0.8186148166562504, 14, [1.0246043552612765, -39.073795045477183]),
   (0.7976661482795219, 17, [0.91574691482855597, -108.17915297706766]),
   (0.7876223371642532, 1, [0.89092230684469398, -62.456559894569068]),
   (0.7768569869639964, 20, [0.92112562709042178, -112.20973149963177]),
   (0.7768154574703482, 18, [1.0316315022658678, -61.885545007015004]),
   (0.7739457891933677, 5, [0.79580591335105788, 95.877458490083654]),
   (0.7533408657358036, 7, [0.87377113134356266, -18.109668943883939]),
   (0.7127191357320141, 9, [0.87459564877602514, -62.653834364038204]),
   (0.6650410064728888, 4, [0.77451616900293596, 94.658023591838912]),
   (0.48083746281745354, 12, [0.8624632077974711, -88.931804995373284]),
   (0.45420682089944814, 8, [0.83855432721840362, -37.126745989153505]),
   (0.3945815267295654, 11, [0.76406591055058481, -31.323396237297363]),
   (0.3728606906904123, 2, [0.69007259416408262, -12.088965151029338]),
   (0.3490030972043282, 16, [0.91268068867366681, -87.279059060603458]),
   (0.29765608572726826, 13, [0.81162990676319813, -147.20059987321233])]),
 (11,
  [(1.0, 11, [1.0000000000000004, -1.2259166988251131e-14]),
   (0.8419259362311418, 8, [1.0676318959259197, 6.3664050331669193]),
   (0.5958836574741414, 7, [0.95294987808041098, 28.980368835338499]),
   (0.5677387954432737, 9, [1.0956229400752375, -11.124965883816259]),
   (0.5568695273680259, 14, [1.1293591896411475, -2.0681184598671707]),
   (0.48066206448412324, 15, [1.0949867068487085, 1.3809122178865512]),
   (0.4524190570350674, 1, [1.1858543632983896, 21.563878041864029]),
   (0.4467766111462754, 6, [0.96686407384441186, 20.162964329715674]),
   (0.4352914241997307, 18, [1.0369818056302464, -47.683505916287871]),
   (0.4283196122240289, 19, [1.0708780331603851, -57.188360306556731]),
   (0.4215451996055789, 17, [0.86680607648044949, -78.730029384583531]),
   (0.40717538809116716, 3, [1.0099084338617672, 98.298254996922935]),
   (0.3945815267295654, 10, [1.1040458629082786, 13.224097478682186]),
   (0.38542297357384103, 20, [0.97955944109990856, -70.924131527873513]),
   (0.3008135090869829, 5, [0.91821274885739601, 180.50971277403718]),
   (0.03770536952448284, 2, [nan, 0.0]),
   (0.029113609834779713, 4, [nan, 0.0]),
   (0.02834651805255456, 16, [nan, 0.0]),
   (0.020478268916446052, 13, [nan, 0.0]),
   (0.016574848327707312, 12, [nan, 0.0])]),
 (12,
  [(1.0, 12, [1.0000000000000007, -2.4101561393908021e-14]),
   (0.6255178526139457, 4, [0.85303748848648253, 202.27302308361877]),
   (0.5548790031590739, 5, [0.84635371132208637, 176.31150072259561]),
   (0.5233572091580184, 9, [0.94206742130162791, -0.74792325231683709]),
   (0.49110356595787896, 6, [0.93301801077350632, 47.206224237397755]),
   (0.48650299469417, 18, [1.1642037624015664, 16.950444708532089]),
   (0.48083746281745354, 10, [1.0915601856933048, 87.80661668756612]),
   (0.4692270563572388, 7, [0.94490021083352593, 48.892716104219005]),
   (0.46648322315486945, 15, [1.0406404150314896, 15.942289042159627]),
   (0.4462369708275677, 1, [1.0065520435302071, 2.043320909102083]),
   (0.4330774428193765, 3, [0.876448828170032, 91.002086134201136]),
   (0.4230944965013131, 19, [1.1150073769497932, -19.461385230642072]),
   (0.4126537390798785, 20, [0.97834277403525849, -51.341328778091842]),
   (0.3744229902488143, 17, [1.0349249943122438, -22.057631178312498]),
   (0.23318787077181538, 14, [1.0430648000045863, 16.089474800635234]),
   (0.05873211846233444, 2, [0.41040010496442175, -8.7889675922347994]),
   (0.04015717509615071, 16, [nan, 0.0]),
   (0.029010597669143896, 13, [nan, 0.0]),
   (0.017426689290489208, 8, [nan, 0.0]),
   (0.016574848327707312, 11, [nan, 0.0])]),
 (13,
  [(1.0, 13, [0.99999999999999978, 3.6408926872601826e-14]),
   (0.5810355884185385, 16, [0.92851977372366712, 39.675500113971253]),
   (0.5425178567338126, 2, [0.77236732219935267, 127.73281933429605]),
   (0.3845838824521183, 4, [0.71858501262512076, 173.02605018050795]),
   (0.3704937811641692, 5, [0.75552539558571696, 179.24865952661165]),
   (0.36061461146453655, 14, [1.0796165292214142, 68.550308170279365]),
   (0.3117994460621333, 1, [0.86317896075153633, 46.122764929997729]),
   (0.3038878407642763, 15, [1.0884165459230715, 78.115201371251445]),
   (0.29996786789374524, 3, [0.77197415226923649, 145.81920515044681]),
   (0.2997116997392612, 6, [0.93836798743674266, 84.388183398108026]),
   (0.29765608572726826, 10, [1.0710791783926836, 140.87454286106535]),
   (0.2534610938026002, 19, [1.0515206639758967, 14.416525495992232]),
   (0.2368903841301027, 20, [0.77874703322983829, -22.410548424950676]),
   (0.22716031318541302, 17, [0.95012076655946354, -27.12466699881784]),
   (0.06816288985475352, 7, [0.78979362803167241, 21.135217282873]),
   (0.029010597669143896, 12, [nan, 0.0]),
   (0.02153072067739106, 8, [nan, 0.0]),
   (0.020478268916446052, 11, [nan, 0.0]),
   (0.01694435990850599, 18, [nan, 0.0]),
   (0.016693959660410134, 9, [nan, 0.0])]),
 (14,
  [(1.0, 14, [1.0000000000000002, -2.9415160831974883e-14]),
   (0.8592392619974465, 15, [0.98493853292723377, 4.3406930981213767]),
   (0.842230563487446, 19, [1.0120662377829148, -44.328461340596817]),
   (0.8186148166562504, 10, [0.8760076157367227, 17.900288167005911]),
   (0.79176287152428, 17, [0.89969882205481899, -65.702080682109496]),
   (0.767731338573803, 6, [0.78082933842204616, 3.3580976769230686]),
   (0.765975628869034, 20, [0.91489034566166705, -64.374818299811722]),
   (0.7361641101297401, 3, [0.67768250973341304, 36.40727422074611]),
   (0.697151873954918, 18, [0.95959831831009701, -31.313989518196177]),
   (0.6958421062149394, 1, [0.80078961566289064, -26.342815509977573]),
   (0.6858918221103855, 7, [0.79433780920231367, 5.3648509949944039]),
   (0.6657781419119734, 5, [0.73850219709708631, 126.88133600778991]),
   (0.5968530930383681, 9, [0.80596852020072585, -35.623226943690113]),
   (0.5835242944388355, 8, [0.8213136831815061, -23.902797699448119]),
   (0.5568695273680259, 11, [0.75150103030931159, -15.351071333232435]),
   (0.465682889086298, 4, [0.70041460988825344, 118.81734105960946]),
   (0.39668609558320084, 16, [0.88789941688455876, -23.080691947956684]),
   (0.36842747866923736, 2, [0.62926345923521598, 38.247557665912062]),
   (0.36061461146453655, 13, [0.84626840142688842, -73.821502533733693]),
   (0.23318787077181538, 12, [0.85031086471068462, -29.341342742765843])]),
 (15,
  [(0.9999999999999999, 15, [0.99999999999999956, 0.0]),
   (0.9195355489100454, 19, [1.0520452196926646, -45.955477034604826]),
   (0.8922995889739326, 10, [0.88516400798908035, 18.203146062794421]),
   (0.8657653922128594, 17, [0.93481137455164509, -67.835129909842991]),
   (0.8592392619974465, 14, [0.98630968393784957, -9.0265591330528725]),
   (0.8372606171151925, 6, [0.75502116740701242, -6.7180457318582869]),
   (0.8354766020880018, 20, [0.95012691432777008, -69.756605901758249]),
   (0.7984425136058284, 18, [1.0015881304245553, -29.802957402699626]),
   (0.7826287918062332, 3, [0.67729418585710255, 29.766484629826934]),
   (0.7706861412570039, 5, [0.72552540140370192, 117.90268512937212]),
   (0.7596569808385306, 1, [0.7826517246467497, -38.697112992632348]),
   (0.7336988584189903, 7, [0.77029268383883953, -4.2478454529806857]),
   (0.697512638919481, 9, [0.77899851112689111, -43.880283086516158]),
   (0.6131382963913107, 4, [0.68837146902409774, 113.25385522353351]),
   (0.5209915655933273, 8, [0.80526875874493287, -32.386213162848172]),
   (0.48066206448412324, 11, [0.73619992011725577, -24.623398194898407]),
   (0.46648322315486945, 12, [0.86219412745116963, -31.268844749182659]),
   (0.3761841078753095, 16, [0.91667879005944275, -26.996125931747176]),
   (0.3350718578896596, 2, [0.58479690665771078, 15.491207630285079]),
   (0.3038878407642763, 13, [0.7763866776255387, -90.151104568087447])]),
 (16,
  [(1.0000000000000002, 16, [1.0000000000000002, -4.7296583394304646e-14]),
   (0.5810355884185385, 13, [0.7332981217868707, -87.004536075691462]),
   (0.48656033145669236, 2, [0.58572905630969507, 20.348116786118773]),
   (0.39668609558320084, 14, [0.97868004774240225, -1.9619778786461894]),
   (0.3831722517128735, 20, [0.9654973804516005, -54.641338459002917]),
   (0.37788590161136393, 17, [1.0779315578774979, -63.465443818580681]),
   (0.3761841078753095, 15, [1.0266444501774969, 16.680199857392807]),
   (0.3729032330480508, 19, [1.1405009857114874, -23.242906229248987]),
   (0.34900600450056113, 5, [0.6383814265005785, 82.524950276753358]),
   (0.3490030972043282, 10, [0.94583321985751523, 57.05577144135912]),
   (0.3330386668307211, 4, [0.55988272473097866, 56.780459499439957]),
   (0.28435132944288555, 3, [0.63550627964884865, 47.221981497300852]),
   (0.2595615699705946, 6, [0.69494635647259051, -21.807779538798997]),
   (0.23909447363057462, 1, [0.65000163909683162, -46.502529404188486]),
   (0.11609884028325972, 7, [0.78247216785293805, -14.159420218705108]),
   (0.04015717509615071, 12, [nan, 0.0]),
   (0.029803347385287428, 8, [nan, 0.0]),
   (0.02834651805255456, 11, [nan, 0.0]),
   (0.023454795226842046, 18, [nan, 0.0]),
   (0.02310818511140827, 9, [nan, 0.0])]),
 (17,
  [(1.0, 17, [1.0000000000000002, 0.0]),
   (0.9224734806334702, 19, [1.0611232227857268, 15.185810001478982]),
   (0.8756117307970023, 20, [0.95573299983940074, -9.9605244059908173]),
   (0.8657653922128594, 15, [0.91112400426275819, 46.215002881416723]),
   (0.8135334348733048, 18, [1.0332894252724052, 25.879414266311734]),
   (0.7976661482795219, 10, [0.81484596613744031, 61.08860515364114]),
   (0.79176287152428, 14, [0.88369094271755466, 37.841859340719893]),
   (0.6654027435507552, 6, [0.65529053582400321, 31.242565667062578]),
   (0.6625788258131862, 7, [0.70285599025275169, 38.024348900452829]),
   (0.5824555978969522, 3, [0.54596940883685263, 51.163889955829127]),
   (0.5781600686384246, 9, [0.68459850494646068, -6.3621805072707422]),
   (0.566722626735126, 5, [0.59928170602399722, 122.18740953577796]),
   (0.512677148362004, 1, [0.57202451290571987, -12.143273879817936]),
   (0.4542198454725674, 8, [0.66990936634370568, 10.954921749225312]),
   (0.4215451996055789, 11, [0.59954029817309051, 19.41218176216519]),
   (0.4171185313371565, 4, [0.54750595681408809, 110.04830800775274]),
   (0.37788590161136393, 16, [0.8862179803702992, 51.104265052842734]),
   (0.3744229902488143, 12, [0.75563658801329447, -11.826863245502416]),
   (0.22716031318541302, 13, [0.58857864201600785, -33.274677811340453]),
   (0.1796847071714737, 2, [0.37073537437726584, 26.553166383533004])]),
 (18,
  [(1.0, 18, [1.0000000000000002, -3.0520643813998699e-14]),
   (0.8713149418864101, 19, [1.0368884784776393, -16.763514401598293]),
   (0.8135334348733048, 17, [0.90075041232518971, -32.054867141996901]),
   (0.7984425136058284, 15, [0.88424936941175858, 11.127593021469634]),
   (0.7886564178211005, 20, [0.95286001609954085, -39.354547302411568]),
   (0.7768154574703482, 10, [0.82513025373462456, 31.194699790399056]),
   (0.7143847481029335, 6, [0.68582084633580198, 10.894887422226947]),
   (0.7024855795901503, 9, [0.69564212788525426, -25.868588482867327]),
   (0.697151873954918, 14, [0.89410523689591137, 10.476197770267474]),
   (0.690661257345742, 7, [0.68397644979243621, 11.872718057951886]),
   (0.6241534589532403, 3, [0.65513199036616943, 45.849892411948538]),
   (0.5978887528869663, 1, [0.71612524991460336, -22.041988931936114]),
   (0.5920588488864872, 5, [0.6215397028930546, 100.14948366636656]),
   (0.48650299469417, 12, [0.70005368058341122, -39.419312742462715]),
   (0.4853342256699469, 4, [0.58910363228008567, 94.448981821732829]),
   (0.4833760586330551, 8, [0.71782342038595237, -3.7392563139793489]),
   (0.4352914241997307, 11, [0.6276171038777304, 1.5186688453926014]),
   (0.13015273209835784, 2, [0.45648946925266504, -1.5262609510157716]),
   (0.023454795226842046, 16, [nan, 0.0]),
   (0.01694435990850599, 13, [nan, 0.0])]),
 (19,
  [(1.0, 19, [0.99999999999999978, -1.3149359164486673e-14]),
   (0.9283142758036037, 20, [0.9040170414165144, -22.777790275015956]),
   (0.9224734806334702, 17, [0.8757495274013769, -21.272653137848661]),
   (0.9195355489100454, 15, [0.84107541414892439, 25.262811036849328]),
   (0.8761166713651712, 10, [0.75406797056809249, 41.816690735573047]),
   (0.8713149418864101, 18, [0.94610202218352202, 13.762079925538272]),
   (0.842230563487446, 14, [0.83859119308379548, 20.377070472608885]),
   (0.7628019806855997, 6, [0.61302163348098482, 14.64164977333806]),
   (0.720629281210054, 3, [0.55546407804997555, 45.185687173449693]),
   (0.6784208178628872, 5, [0.57116615239719448, 103.71413208187155]),
   (0.6772957231283785, 7, [0.62854831071356321, 19.00111567961077]),
   (0.6660258670170521, 1, [0.61718428936893255, -13.792306467013095]),
   (0.6249150407534959, 9, [0.62131992789845747, -14.912429846730335]),
   (0.5293380775239833, 4, [0.52840092432493713, 94.17551507211995]),
   (0.4605713805568676, 8, [0.64521214746135847, 3.3742649015030386]),
   (0.4283196122240289, 11, [0.58155826906843355, 7.8380372753815033]),
   (0.4230944965013131, 12, [0.65210035085752438, -21.274952346893159]),
   (0.3729032330480508, 16, [0.830116749871327, 11.631297961467951]),
   (0.2886074229905356, 2, [0.45841636069166497, 23.228772122137961]),
   (0.2534610938026002, 13, [0.59156482969544111, -60.114643140601309])]),
 (20,
  [(1.0, 20, [1.0000000000000004, 0.0]),
   (0.9283142758036037, 19, [1.05292709777416, 19.259382867871985]),
   (0.8756117307970023, 17, [0.91536307916014237, -3.3120256192007735]),
   (0.8354766020880018, 15, [0.86552906372262806, 42.621007976987222]),
   (0.7886564178211005, 18, [0.98052446463010345, 32.526346003427207]),
   (0.7768569869639964, 10, [0.7788422620846569, 59.138061258011149]),
   (0.765975628869034, 14, [0.86968765643274004, 36.630691577511762]),
   (0.6538684878770598, 6, [0.6269041808153345, 29.696857580678355]),
   (0.6295917480180744, 7, [0.62370665266565239, 30.054210072186198]),
   (0.6277010275364637, 3, [0.5706677885866861, 61.959905283959685]),
   (0.5868197248593428, 1, [0.62608911649604859, 1.5115121195797248]),
   (0.5702044068908801, 5, [0.59166705120187468, 123.64342554082849]),
   (0.5693912060715276, 9, [0.59797574210242543, -4.0324404383247332]),
   (0.4618049890835449, 4, [0.54806889531331293, 116.36545223734923]),
   (0.41514799476971054, 8, [0.65055807498609342, 10.515088037128383]),
   (0.4126537390798785, 12, [0.67407406734655617, -2.2057127927820086]),
   (0.38542297357384103, 11, [0.57574739077159798, 18.188532195980621]),
   (0.3831722517128735, 16, [0.88603263193059123, 28.635454339357178]),
   (0.2368903841301027, 13, [0.65004004564311535, -48.596464700576576]),
   (0.1957572556714174, 2, [0.52091445816117721, 51.157292321067708])])]